716.796875
755.859375
1134.765625
1179.687500
1771.484375
2353.515625
2748.046875
3050.781250
3292.968750
3613.281250
707.031250
734.375000
1101.562500
1167.968750
1562.500000
2341.796875
2732.421875
3056.640625
3275.390625
3601.562500
703.125000
730.468750
1099.609375
1164.062500
1535.156250
2333.984375
2683.593750
3070.312500
3292.968750
3613.281250
697.265625
726.562500
1083.984375
1164.062500
1482.421875
2353.515625
2660.156250
3054.687500
3298.828125
3642.578125
685.546875
728.515625
1072.265625
1175.781250
1386.718750
2335.937500
2603.515625
3029.296875
3318.359375
3662.109375
667.968750
730.468750
1054.687500
1175.781250
1292.968750
2335.937500
2568.359375
2992.187500
3375.000000
3671.875000
650.390625
716.796875
1042.968750
1179.687500
1292.968750
2337.890625
2531.250000
2925.781250
3388.671875
3671.875000
650.390625
722.656250
968.750000
1203.125000
1326.171875
2318.359375
2546.875000
2923.828125
3310.546875
3652.343750
619.140625
705.078125
886.718750
1255.859375
1351.562500
2220.703125
2503.906250
2695.312500
3326.171875
3617.187500
572.265625
681.640625
816.406250
1308.593750
1369.140625
1876.953125
2515.625000
2667.968750
3253.906250
3482.421875
460.937500
666.015625
777.343750
1396.484375
1492.187500
1923.828125
2533.203125
2687.500000
3333.984375
3525.390625
396.484375
564.453125
812.500000
1507.812500
1603.515625
2136.718750
2677.734375
2875.000000
3343.750000
3562.500000
300.781250
687.500000
869.140625
1425.781250
1722.656250
2164.062500
2796.875000
2892.578125
3351.562500
3675.781250
269.531250
785.156250
968.750000
1867.187500
1906.250000
2574.218750
2835.937500
3136.718750
3525.390625
3726.562500
601.562500
810.546875
1339.843750
1878.906250
1949.218750
2720.703125
2884.765625
3349.609375
3617.187500
3740.234375
621.093750
904.296875
1494.140625
1873.046875
2253.906250
2757.812500
3000.000000
3357.421875
3578.125000
3705.078125
623.046875
968.750000
1564.453125
1939.453125
2406.250000
2763.671875
2988.281250
3412.109375
3501.953125
3710.937500
587.890625
925.781250
1611.328125
1978.515625
2285.156250
2746.093750
2949.218750
3353.515625
3505.859375
3642.578125
587.890625
935.546875
1535.156250
1929.687500
2357.421875
2759.765625
2929.687500
3277.343750
3445.312500
3664.062500
621.093750
847.656250
1728.515625
2062.500000
2484.375000
2792.968750
2951.171875
3328.125000
3453.125000
3726.562500
669.921875
945.312500
1650.390625
2023.437500
2380.859375
2724.609375
2933.593750
3279.296875
3433.593750
3691.406250
689.453125
929.687500
1500.000000
1982.421875
2488.281250
2703.125000
2964.843750
3228.515625
3437.500000
3660.156250
566.406250
916.015625
1619.140625
2025.390625
2335.937500
2708.984375
2886.718750
3248.046875
3414.062500
3644.531250
523.437500
931.640625
1630.859375
2082.031250
2164.062500
2644.531250
2787.109375
3230.468750
3498.046875
3623.046875
279.296875
589.843750
1445.312500
2064.453125
2191.406250
2560.546875
2701.171875
3310.546875
3451.171875
3611.328125
248.046875
371.093750
1085.937500
1878.906250
2175.781250
2533.203125
2703.125000
2902.343750
3367.187500
3531.250000
248.046875
357.421875
1066.406250
1929.687500
2197.265625
2396.484375
2705.078125
2929.687500
3296.875000
3451.171875
248.046875
365.234375
998.046875
1968.750000
2230.468750
2382.812500
2714.843750
2880.859375
3251.953125
3464.843750
248.046875
361.328125
1064.453125
2023.437500
2242.187500
2386.718750
2724.609375
2886.718750
3289.062500
3494.140625
253.906250
365.234375
1082.031250
2007.812500
2242.187500
2425.781250
2726.562500
2916.015625
3298.828125
3501.953125
