654.296875
714.843750
1080.078125
1179.687500
1308.593750
2396.484375
2597.656250
2845.703125
3359.375000
3476.562500
650.390625
708.984375
1093.750000
1179.687500
1292.968750
2423.828125
2601.562500
2824.218750
3359.375000
3488.281250
646.484375
705.078125
1080.078125
1181.640625
1314.453125
2378.906250
2646.484375
2832.031250
3349.609375
3490.234375
644.531250
701.171875
1048.828125
1183.593750
1355.468750
2380.859375
2634.765625
2808.593750
3363.281250
3507.812500
642.578125
699.218750
1062.500000
1185.546875
1359.375000
2425.781250
2638.671875
2845.703125
3353.515625
3523.437500
638.671875
695.312500
1062.500000
1195.312500
1339.843750
2376.953125
2640.625000
2845.703125
3359.375000
3529.296875
638.671875
697.265625
1091.796875
1208.984375
1365.234375
2408.203125
2644.531250
2902.343750
3341.796875
3527.343750
638.671875
695.312500
1089.843750
1220.703125
1335.937500
2414.062500
2628.906250
2855.468750
3341.796875
3525.390625
636.718750
695.312500
1099.609375
1220.703125
1353.515625
2408.203125
2646.484375
2888.671875
3322.265625
3507.812500
642.578125
697.265625
1097.656250
1220.703125
1371.093750
2421.875000
2626.953125
2851.562500
3304.687500
3523.437500
636.718750
695.312500
1113.281250
1222.656250
1369.140625
2412.109375
2619.140625
2843.750000
3289.062500
3515.625000
632.812500
693.359375
1123.046875
1238.281250
1421.875000
2406.250000
2609.375000
2871.093750
3308.593750
3519.531250
632.812500
689.453125
1115.234375
1257.812500
1447.265625
2435.546875
2601.562500
2896.484375
3277.343750
3492.187500
625.000000
671.875000
1142.578125
1289.062500
1462.890625
2441.406250
2593.750000
2906.250000
3273.437500
3501.953125
609.375000
654.296875
1140.625000
1328.125000
1478.515625
2425.781250
2578.125000
2894.531250
3273.437500
3464.843750
564.453125
626.953125
1146.484375
1419.921875
1503.906250
2339.843750
2541.015625
2843.750000
3250.000000
3425.781250
484.375000
572.265625
1164.062500
1515.625000
1638.671875
2335.937500
2583.984375
2919.921875
3294.921875
3435.546875
394.531250
478.515625
1191.406250
1644.531250
1998.046875
2365.234375
2572.265625
2851.562500
3320.312500
3455.078125
324.218750
433.593750
1183.593750
1958.984375
2132.812500
2375.000000
2669.921875
2884.765625
3353.515625
3464.843750
296.875000
390.625000
1183.593750
2060.546875
2214.843750
2460.937500
2738.281250
2941.406250
3365.234375
3482.421875
250.000000
361.328125
1216.796875
2128.906250
2281.250000
2474.609375
2833.984375
3003.906250
3373.046875
3484.375000
238.281250
337.890625
1185.546875
2134.765625
2302.734375
2451.171875
2910.156250
3050.781250
3392.578125
3496.093750
234.375000
322.265625
1193.359375
2078.125000
2318.359375
2458.984375
2955.078125
3080.078125
3394.531250
3486.328125
232.421875
322.265625
1210.937500
2083.984375
2322.265625
2480.468750
2978.515625
3099.609375
3390.625000
3476.562500
232.421875
320.312500
1218.750000
2162.109375
2322.265625
2515.625000
2968.750000
3097.656250
3388.671875
3484.375000
234.375000
328.125000
1246.093750
2154.296875
2322.265625
2513.671875
2953.125000
3087.890625
3384.765625
3472.656250
234.375000
320.312500
1193.359375
2158.203125
2322.265625
2517.578125
2929.687500
3074.218750
3386.718750
3460.937500
238.281250
322.265625
1119.140625
2183.593750
2320.312500
2462.890625
2914.062500
3068.359375
3388.671875
3466.796875
242.187500
324.218750
1103.515625
2142.578125
2322.265625
2458.984375
2912.109375
3080.078125
3394.531250
3480.468750
248.046875
332.031250
1140.625000
2156.250000
2322.265625
2445.312500
2894.531250
3078.125000
3400.390625
3492.187500
