0.000000
-0.000004
-0.000009
-0.000004
-0.000020
-0.000018
-0.000020
0.000136
0.000119
0.000161
0.000065
-0.000551
-0.000786
-0.000675
-0.001076
-0.001166
0.004763
0.016943
0.001592
0.006586
-0.005180
-0.010097
-0.002678
-0.009288
0.013470
-0.007896
0.002777
0.003986
0.000132
0.000633
0.021696
-0.002857
-0.000708
-0.007965
-0.017288
-0.008332
-0.013007
0.018276
-0.006489
0.011090
0.000080
0.001140
-0.005349
0.001146
0.013027
-0.023338
0.003793
-0.016937
-0.009666
-0.003145
0.015643
0.004582
0.008565
0.005632
0.010956
-0.003206
0.001979
0.012627
-0.014350
0.003182
0.000014
-0.000901
-0.000731
0.010396
0.007794
-0.010899
0.001096
-0.012639
-0.009502
-0.010359
0.000603
-0.007827
-0.011157
-0.011397
-0.017481
-0.023736
-0.001463
-0.010741
-0.016069
-0.011042
-0.004444
-0.005359
-0.000821
0.000828
-0.014628
-0.029129
-0.019572
-0.029507
-0.022195
-0.016132
-0.008732
-0.028326
-0.023231
-0.009152
-0.026192
-0.042620
-0.039594
-0.059914
-0.054597
-0.018634
-0.048013
0.343581
0.525196
-0.137341
0.094728
-0.183467
0.057702
-0.053433
0.062680
0.122963
-0.082570
-0.006990
0.129820
-0.041781
-0.042645
0.202636
-0.144441
0.044437
-0.031755
0.038218
-0.092891
0.011874
-0.001355
-0.093422
-0.001829
0.003770
0.050069
-0.055375
0.088991
-0.004847
-0.084438
0.021034
-0.010770
-0.058926
0.012292
0.017460
-0.049985
0.007343
-0.014061
0.032557
-0.032072
0.034536
-0.000325
-0.046828
-0.009560
0.077100
0.040699
0.029020
0.040423
-0.030607
-0.004553
0.007700
0.009901
0.017327
0.019249
0.011509
-0.012033
-0.047106
-0.021653
-0.041710
-0.034396
0.016175
-0.015610
-0.011175
-0.002402
-0.006258
-0.023723
-0.013467
-0.035209
-0.057421
-0.068421
-0.037756
-0.026808
-0.005874
0.018072
0.012328
-0.035405
-0.034987
-0.051748
-0.067042
-0.039650
-0.024837
-0.043416
-0.047222
-0.082544
-0.044873
-0.018385
-0.004268
0.085630
0.551025
0.073395
0.007482
0.034143
-0.066721
0.100985
-0.067699
0.172154
-0.061795
-0.030129
0.053119
0.071428
-0.139187
0.172220
-0.047762
-0.042717
0.052324
-0.012766
0.008729
-0.060895
0.049972
-0.092180
-0.030853
-0.012317
0.025284
-0.024905
0.031652
0.062909
-0.092353
0.022000
0.005797
-0.038915
-0.023395
0.033737
-0.050411
-0.004147
-0.013335
0.003490
-0.010183
0.011183
0.047884
-0.040401
-0.010304
0.021310
0.055003
0.040255
0.032236
-0.042418
-0.030350
0.017827
0.004254
0.038987
0.035127
0.016582
-0.027178
-0.018961
-0.039599
-0.020594
-0.041163
0.004189
-0.018217
-0.003672
0.018717
0.005230
-0.018765
-0.021326
-0.041175
-0.053034
-0.058040
-0.036879
-0.033711
0.000011
0.012129
-0.004093
-0.021658
-0.009691
-0.045585
-0.054596
-0.046573
-0.034770
-0.047777
-0.056527
-0.056379
-0.027631
0.001309
0.017104
0.252950
0.471919
-0.140826
0.071540
-0.060850
0.028940
0.019904
0.017132
0.125792
-0.100458
0.012088
0.070149
-0.009040
-0.075377
0.191457
-0.143772
0.050740
0.007444
-0.003941
-0.025219
-0.020714
0.024059
-0.096804
0.005668
-0.005056
0.017989
-0.039849
0.082144
-0.010399
-0.059431
0.037174
-0.029271
-0.031502
0.005021
0.001836
-0.047513
0.016915
-0.019081
0.009778
-0.013082
0.037802
0.009381
-0.038783
0.011594
0.024464
0.045982
0.032204
0.017547
-0.045390
-0.000155
-0.002617
0.015488
0.045025
0.032036
0.002418
-0.018282
-0.026200
-0.034975
-0.026017
-0.026696
0.002301
-0.030555
0.018472
0.014727
-0.005653
-0.016919
-0.020790
-0.045733
-0.055978
-0.060165
-0.042505
-0.019433
-0.002242
0.006512
0.004121
-0.011192
-0.020024
-0.040959
-0.047317
-0.063232
-0.028598
-0.020477
-0.049956
-0.066359
-0.000687
-0.026169
0.022447
0.091587
0.482766
0.084877
-0.098948
0.078863
-0.104962
0.112709
-0.061394
0.156235
-0.059937
-0.018237
0.037918
0.060730
-0.118657
0.151967
-0.029842
-0.076840
0.100718
-0.080412
0.039607
-0.061185
0.046281
-0.069867
-0.026641
0.005774
0.002479
-0.021829
0.031739
0.048395
-0.083869
0.046984
-0.030920
-0.029496
-0.006748
0.013075
-0.044603
0.005429
-0.005690
-0.009610
0.001634
0.011488
0.035425
-0.042100
0.013151
0.055874
0.018810
0.018551
0.013360
-0.029106
-0.002039
0.008097
0.004592
0.028796
0.018792
0.018497
-0.007196
-0.027067
-0.016745
-0.045273
-0.042172
-0.004690
-0.016053
0.007011
0.015995
-0.011457
-0.016536
-0.031134
-0.039929
-0.036599
-0.053930
-0.044769
-0.032394
-0.014151
0.010084
0.023716
-0.004081
-0.026934
-0.039018
-0.047431
-0.053875
-0.018043
-0.025272
-0.062544
-0.068407
0.005818
-0.005204
0.021766
0.094347
0.509376
0.024342
-0.089940
0.067902
-0.100252
0.113411
-0.063721
0.163852
-0.077254
0.000957
0.033744
0.048350
-0.123674
0.178202
-0.075810
-0.036780
0.089808
-0.081098
0.041362
-0.068072
0.054659
-0.083670
-0.012591
0.001616
0.003870
-0.026451
0.048168
0.025357
-0.073288
0.054976
-0.046187
-0.018988
-0.004552
0.006448
-0.046453
0.019941
-0.017296
0.001556
-0.007041
0.022254
0.022486
-0.041337
0.033308
0.081449
0.000143
0.003530
-0.019975
-0.025738
0.021798
0.010607
0.014400
0.012616
0.000835
0.021522
-0.003513
-0.026826
-0.008925
-0.057387
-0.031176
0.004550
-0.017428
0.006454
0.000312
-0.020433
-0.013893
-0.034757
-0.031128
-0.032298
-0.053294
-0.033210
-0.035768
-0.017206
0.012729
-0.001752
-0.004467
0.014305
-0.031648
-0.051565
-0.035627
0.003259
-0.052250
-0.033610
-0.045003
-0.009034
-0.003541
0.054643
0.010083
0.368208
0.204449
-0.106337
0.029168
-0.083264
0.097286
-0.065054
0.122702
-0.008941
-0.024269
-0.005588
0.088826
-0.116252
0.101560
0.007507
-0.058297
0.071663
-0.048133
0.027077
-0.061102
0.026665
-0.045202
-0.021920
-0.010977
0.020246
-0.031534
0.028039
0.035083
-0.054819
0.028572
-0.018046
-0.025557
-0.009555
-0.001118
-0.030390
0.006274
-0.009690
0.001962
-0.001338
0.005229
0.032266
-0.028451
0.079818
0.039799
-0.019970
-0.010854
-0.013854
-0.011562
0.022204
0.017689
-0.008157
-0.000341
0.007857
0.024174
-0.013349
0.002806
-0.027380
-0.051975
-0.023176
-0.005390
-0.018139
-0.000469
-0.002964
-0.031516
-0.013198
-0.028738
-0.011923
-0.028246
-0.025206
-0.038235
-0.028137
0.001464
0.001314
-0.010503
0.005863
-0.029897
-0.021198
0.004670
-0.020219
-0.016858
-0.022789
-0.047268
-0.031478
-0.015875
0.011255
0.035046
0.016590
0.165588
0.382464
-0.125268
0.012765
-0.074511
0.027501
0.009970
0.024501
0.063619
-0.031149
-0.008716
0.054842
-0.027528
-0.043465
0.124436
-0.120510
0.096001
-0.037440
-0.000641
-0.029936
-0.024127
-0.013173
-0.028341
0.007341
0.009922
-0.001317
-0.014424
0.047310
-0.042524
0.003182
0.007188
-0.033841
-0.005935
-0.012372
-0.020173
-0.004851
0.016193
-0.013896
0.018251
-0.013612
0.029126
-0.015409
0.073432
0.044841
-0.029653
-0.017325
-0.007172
-0.010139
0.016993
0.022645
-0.012142
-0.003078
0.009000
0.014775
-0.013440
0.002484
-0.028520
-0.037637
-0.020497
-0.014702
-0.005592
-0.010132
-0.003680
-0.038848
-0.014371
-0.013245
-0.019045
-0.015187
-0.019489
-0.029770
-0.021804
-0.013864
0.007834
-0.003355
-0.012372
-0.004186
-0.040391
-0.003442
-0.026241
-0.029063
-0.001413
-0.014583
-0.051213
0.001533
0.008796
0.041140
0.018229
0.263021
0.268882
-0.170880
0.032824
-0.100420
0.067339
-0.031325
0.067490
0.003760
-0.005138
0.003721
0.066111
-0.084771
0.050648
0.018894
-0.070329
0.096644
-0.062267
0.026255
-0.048610
-0.011985
-0.020734
-0.020502
0.019164
0.016167
-0.009642
0.011860
0.008374
-0.042327
0.022715
-0.023862
-0.011530
-0.002897
-0.012855
-0.026166
0.010881
-0.000072
0.009092
0.008278
-0.006605
0.034386
0.014707
0.030676
-0.002801
-0.021916
0.008201
-0.010148
0.002318
0.024833
-0.006428
-0.002934
0.006393
-0.001726
0.005676
-0.004736
-0.011611
-0.025604
-0.027082
-0.004628
-0.007588
-0.010230
-0.013313
-0.027938
-0.026781
0.003530
-0.009850
-0.003367
-0.019890
-0.025019
-0.024436
-0.018597
-0.017278
0.015907
-0.016174
0.013779
-0.021264
-0.021494
-0.013674
-0.024004
0.004043
-0.000343
-0.024613
-0.011281
-0.027514
0.010515
0.019691
0.041135
0.057048
0.346117
-0.019669
-0.048604
-0.044555
-0.026797
0.021668
-0.008151
0.057347
-0.003941
0.002595
0.036719
0.006802
-0.062247
0.089617
-0.092240
0.069262
-0.003728
-0.009216
0.004408
-0.044884
-0.004854
-0.031177
-0.002092
0.011676
-0.002239
-0.005099
0.021354
-0.031449
0.005806
0.003328
-0.022925
0.004953
-0.012691
-0.018178
-0.009035
0.013830
-0.002150
0.016438
-0.015289
0.036947
0.013846
0.019616
0.007767
-0.029630
0.011046
0.000473
0.006306
0.014526
-0.009971
-0.015963
0.001658
0.004098
0.017428
-0.007055
-0.016253
-0.019335
-0.021457
-0.004197
-0.006762
-0.002796
-0.023552
-0.025792
-0.019662
-0.007732
-0.011922
-0.008163
-0.001815
-0.030941
-0.010758
-0.022681
-0.006637
-0.002766
-0.013348
0.007992
0.006315
-0.006391
0.014762
-0.035181
0.004152
0.002528
-0.037001
-0.011974
-0.006937
-0.028881
0.043692
-0.004499
0.018941
-0.025456
0.260675
0.148338
-0.083724
0.009915
-0.075885
0.048316
-0.021784
0.038997
-0.020941
0.016400
0.013898
0.044201
-0.058199
0.060689
-0.065920
0.024234
0.021807
-0.029048
0.021394
-0.032966
-0.006984
-0.029021
-0.006946
0.004262
-0.002399
0.006688
0.004743
-0.010548
-0.008791
0.015367
-0.021234
0.008421
-0.013612
-0.015529
-0.013479
0.005358
-0.013088
0.016249
0.012806
0.040366
0.010474
-0.000413
-0.000067
-0.015127
0.017523
0.008712
0.005178
0.001951
-0.012699
-0.014061
-0.007543
0.010343
0.001046
-0.005997
-0.008505
-0.008419
-0.016885
-0.000743
-0.011082
-0.012869
-0.022713
-0.029063
-0.021895
-0.005440
-0.009609
0.000273
-0.000182
-0.028877
-0.001124
-0.016959
-0.022723
0.009052
-0.008864
-0.006839
0.018530
-0.015141
-0.025691
0.001991
0.002964
0.014240
0.010696
-0.025232
-0.029321
-0.033115
0.002443
0.014767
0.026857
-0.046814
0.276321
0.146488
-0.056389
-0.011255
-0.086723
0.041836
-0.024708
0.059267
-0.012042
0.005379
0.014590
0.022664
-0.066512
0.061795
-0.064240
0.045649
0.009216
-0.008530
-0.001053
-0.026578
-0.000391
-0.036505
0.003271
-0.011328
0.001015
-0.008121
0.024892
-0.002441
0.001307
0.019311
-0.031820
0.001025
-0.022936
-0.012440
-0.012464
0.009625
-0.003487
0.011873
0.016244
0.050117
-0.009438
0.015387
-0.015710
-0.010469
0.008395
0.008903
0.003110
-0.003075
-0.002005
-0.010750
-0.007185
0.005989
-0.005836
-0.003924
-0.014135
-0.005795
-0.015863
0.003668
-0.008973
-0.022629
-0.022033
-0.029676
-0.023909
0.006011
-0.013152
0.013926
-0.012978
-0.003819
-0.012742
-0.015800
-0.009777
-0.000779
-0.040977
0.002599
0.005317
-0.000856
0.022048
0.005824
-0.000045
-0.005646
-0.027947
-0.004987
-0.023615
-0.002355
0.019051
-0.007525
0.020730
-0.030338
0.070869
0.288876
-0.045058
0.013330
-0.069490
-0.002699
0.006538
0.026660
0.019300
-0.018329
0.000513
0.030085
-0.047393
0.021708
-0.012326
-0.009801
0.039553
-0.007102
0.013778
-0.030725
0.003337
-0.041767
0.000650
-0.020432
0.006646
-0.008288
0.015354
0.008789
-0.016272
0.029758
-0.020697
-0.003578
-0.007002
-0.022254
-0.003031
-0.003461
-0.001727
0.011653
0.014848
0.027582
0.001290
0.004071
0.001363
-0.002979
0.012851
0.003199
-0.004053
-0.002652
0.001932
-0.016751
0.005098
-0.011741
-0.002783
-0.011643
0.000561
0.004624
-0.002975
-0.009183
-0.017328
-0.019592
-0.020671
-0.003384
-0.022084
-0.011307
-0.003462
-0.009695
0.024245
-0.012488
0.002419
-0.018989
-0.024028
-0.014634
-0.014972
0.025301
0.004600
-0.002138
0.000094
-0.018623
0.006050
-0.006283
0.041319
-0.013985
-0.025087
-0.022692
0.006246
-0.031352
0.037188
-0.002524
-0.015590
0.051986
0.223801
-0.002809
0.007599
-0.052552
-0.017028
0.006578
0.006423
0.031289
-0.017194
0.015849
0.010143
-0.046110
0.028848
-0.042760
0.028758
0.014318
0.004195
0.013036
-0.026407
0.001468
-0.032983
-0.006148
-0.018996
0.000598
-0.015971
0.031114
-0.017080
0.022519
0.006885
-0.005895
-0.007102
-0.005815
-0.015489
-0.000280
-0.018665
0.013234
0.002540
0.022870
-0.002369
0.010770
-0.000925
0.007207
-0.003128
0.024981
0.001071
0.000443
-0.014610
-0.007807
-0.001379
-0.008630
-0.003268
-0.009002
-0.004190
0.000396
-0.002376
0.000148
-0.006194
0.000685
-0.018700
-0.010020
-0.035115
0.003607
-0.024671
0.000089
-0.006995
0.006681
0.009093
-0.014394
-0.003175
-0.002097
-0.029686
0.018665
-0.018762
-0.000939
0.006663
-0.017018
0.015669
0.001945
-0.005848
0.031962
-0.046860
0.026523
-0.039561
-0.000419
0.006499
-0.010848
0.015067
0.005123
0.000952
0.170789
0.035536
-0.034530
-0.001381
-0.023861
0.021815
-0.010999
0.039138
-0.008785
-0.001854
0.008481
-0.016626
-0.012803
0.005010
-0.000209
0.003588
0.015464
-0.000903
-0.002937
-0.012505
-0.005913
-0.015572
-0.010976
0.005908
-0.015449
0.012060
-0.008636
0.012312
0.001645
0.003043
-0.000866
-0.006632
0.001398
-0.009918
0.009712
0.007103
-0.009549
0.000041
-0.004266
0.004655
-0.004662
0.026415
0.002083
0.010848
-0.001869
-0.002213
-0.010103
-0.002314
0.001745
-0.019181
-0.001199
-0.000650
-0.019758
0.011736
-0.006105
0.008684
-0.018690
-0.007290
-0.005178
-0.020772
-0.001169
-0.013963
-0.003915
-0.019832
0.000219
0.000950
0.006705
-0.005005
-0.014071
0.001505
-0.006443
-0.001436
-0.001375
-0.015485
-0.004193
0.017158
0.012688
0.010524
-0.020332
0.000456
0.006616
-0.009940
0.007733
-0.020674
0.022691
-0.004539
-0.015016
0.001038
-0.011890
0.063203
0.086072
0.037375
-0.024354
0.005336
-0.019676
0.014123
-0.007250
0.022840
-0.015239
0.015041
-0.004924
-0.002053
0.000812
-0.007109
-0.000205
-0.002545
0.010919
-0.009164
0.002842
-0.004746
-0.014016
-0.009979
-0.005559
0.000583
-0.004591
-0.000134
-0.006466
0.013360
-0.004594
0.006563
0.000793
0.026898
0.000343
-0.004366
-0.012077
-0.011740
-0.009074
0.014040
0.013023
-0.008502
0.008096
0.002358
-0.005444
0.021456
-0.001244
-0.017576
-0.003267
-0.003523
-0.018666
0.002870
-0.010150
-0.010344
-0.020615
0.007620
-0.020538
0.002463
0.002473
-0.002687
-0.005436
-0.008163
-0.024227
-0.006898
0.006537
0.009280
-0.012740
0.000823
0.009254
0.001026
0.003241
0.035111
-0.017090
-0.014310
-0.002569
-0.009208
0.008164
0.003240
-0.006204
0.015454
0.023915
-0.019553
-0.005787
-0.025465
-0.016314
-0.018129
0.024297
0.050506
-0.017997
0.031873
0.013755
0.051998
0.006071
-0.022580
0.037769
-0.016641
0.005555
0.001583
-0.002714
-0.002604
0.005947
0.004307
0.004821
-0.026565
0.012489
-0.014105
0.025262
-0.007611
-0.009891
0.005631
-0.023849
0.007961
-0.009636
-0.000121
-0.013451
-0.003990
-0.006960
0.010023
-0.001428
0.034928
-0.003761
0.002808
0.008084
0.005700
0.012778
0.003628
-0.017625
-0.010026
-0.021371
0.002981
0.007296
-0.011052
0.013926
-0.004347
0.011502
-0.007833
-0.018897
-0.029727
-0.007173
-0.015107
-0.003197
-0.018331
-0.005759
0.001027
-0.003132
0.003688
-0.008160
-0.003387
0.010905
0.016274
-0.005573
-0.025311
0.015068
-0.015969
0.022511
-0.011077
0.021656
-0.023886
0.003534
0.000816
0.031195
-0.010582
-0.033062
0.026607
0.026856
-0.008351
-0.013627
-0.021411
0.006161
-0.026572
-0.000278
0.004357
0.013905
0.030994
-0.004193
0.030060
-0.005844
0.008908
0.042209
-0.007798
-0.010337
0.008002
0.025153
-0.009869
0.002760
-0.010815
-0.001324
0.005163
0.011906
0.005957
-0.005265
0.014403
0.006398
-0.030190
0.016705
0.000780
0.003319
-0.014058
-0.002203
-0.006708
0.009824
0.009237
0.007549
-0.008527
-0.005086
0.005425
-0.003508
0.009857
-0.004139
0.007603
-0.005657
0.012559
-0.006127
-0.010464
-0.027084
-0.014632
-0.012554
0.002436
-0.005683
0.001134
-0.014039
-0.004921
-0.009974
-0.003539
0.001158
-0.002876
-0.007842
-0.011170
-0.004050
0.001909
-0.006600
-0.007514
0.010839
-0.011465
0.020532
-0.001521
-0.007508
-0.005350
0.012866
0.007090
-0.000645
0.001977
0.002765
-0.034043
0.007758
0.011869
0.016319
0.014185
-0.007647
-0.020302
0.002800
-0.006398
0.004481
-0.011983
0.008204
-0.018597
0.029211
-0.009213
0.009053
0.034102
-0.031510
-0.009177
-0.018019
-0.000964
0.036588
0.044772
-0.007079
0.006277
0.021981
0.001819
0.011088
0.037247
-0.002721
0.026620
0.007687
-0.034375
0.002348
-0.015934
0.000098
-0.022547
-0.017129
0.031170
0.020591
-0.010887
0.002441
-0.007920
-0.012047
-0.028813
0.013640
-0.002153
0.020433
-0.021786
0.009193
-0.016771
-0.017310
-0.014443
-0.007678
-0.029301
-0.002991
0.005315
0.011955
0.007468
-0.008226
-0.006912
0.006395
-0.001906
0.005251
0.005344
-0.000357
-0.021068
-0.011339
-0.001763
0.008606
0.002281
0.001153
0.006571
-0.003391
0.005884
0.002597
0.004712
0.008929
-0.015949
0.004472
-0.005597
0.000428
0.020757
0.004386
-0.010994
-0.002232
-0.002166
0.000743
-0.014482
-0.007451
-0.006671
-0.004089
0.027764
-0.001040
0.004140
-0.009658
0.012909
0.012756
0.009591
-0.012874
-0.000015
0.005244
-0.000229
0.025018
-0.015482
-0.022083
0.008872
-0.005279
0.005206
0.010573
0.027876
0.001278
0.015849
-0.003054
0.014768
-0.003042
0.000683
0.018456
0.000439
-0.000595
0.013089
0.003360
0.003096
-0.017234
0.010858
-0.011693
-0.018194
-0.007513
-0.001226
-0.005043
-0.002995
0.001848
0.008506
0.000228
-0.010775
-0.013893
-0.000313
-0.004033
-0.006990
-0.009941
-0.001327
-0.000748
-0.004116
-0.008042
-0.010323
-0.002470
-0.000530
-0.007963
-0.010910
-0.001722
-0.014724
-0.005246
-0.011345
0.026185
0.024430
-0.000071
-0.002248
0.002409
0.007732
0.008276
0.007664
-0.002571
-0.007883
0.007217
-0.030091
0.003708
-0.007329
0.024251
-0.020141
-0.002795
-0.004144
0.006661
0.014719
0.016413
0.004395
-0.018906
0.007524
0.007603
0.003532
0.004222
-0.009450
-0.005128
-0.012225
-0.010048
0.001923
-0.001144
-0.003202
0.023673
0.031641
0.001573
0.008057
-0.007505
0.004969
-0.000560
0.032606
-0.021659
0.011738
-0.019833
0.010764
-0.012743
0.015417
0.020927
0.003807
-0.011695
-0.002302
0.002922
-0.008837
0.008408
0.022664
0.006688
0.011693
-0.009328
0.015075
0.007615
-0.003174
0.007292
0.002906
-0.006115
-0.001660
-0.014174
0.015700
-0.008974
-0.027590
-0.016579
0.005909
-0.007235
-0.022427
-0.006020
-0.059440
-0.004543
0.005283
-0.004144
-0.017410
0.013202
0.006871
-0.008030
-0.042547
-0.010510
0.008441
-0.003683
-0.011827
-0.006242
0.011066
0.011654
-0.005920
0.007369
0.010187
-0.003513
-0.055505
-0.014135
0.006708
-0.007075
0.019023
-0.001451
0.006023
0.017244
-0.004415
-0.016669
-0.002013
0.003363
0.015453
0.005382
-0.035287
0.018851
0.009465
0.018167
0.034661
-0.002556
-0.008014
-0.031099
0.012430
-0.008019
0.051019
0.026184
0.006445
-0.002939
-0.016918
0.005035
0.013132
0.033432
0.019759
-0.016520
0.019011
-0.011408
0.002693
-0.029106
0.013692
0.002793
0.023073
0.023362
0.004837
0.018473
-0.018091
-0.003901
-0.002098
-0.014149
0.009956
-0.032204
0.015720
0.025210
0.013335
0.010521
-0.000093
-0.021620
0.016907
-0.007326
0.027240
-0.009821
0.003307
0.010952
0.012706
-0.004983
-0.008418
0.017658
-0.030838
-0.011997
-0.016402
0.003178
0.009839
-0.007393
-0.030428
0.017066
-0.015696
-0.004209
-0.013809
-0.022366
-0.005910
0.028585
-0.000543
0.017668
0.006892
0.032065
-0.006387
0.005803
-0.029289
0.002710
0.006827
-0.020016
0.000057
0.003514
0.011340
-0.011345
0.045043
-0.006818
0.001598
0.021709
-0.000732
0.011029
0.025599
0.026775
-0.000303
0.021635
0.016227
-0.007147
-0.006327
-0.000008
0.002222
0.032157
-0.062727
-0.012897
0.010935
-0.016372
-0.008300
0.005829
-0.017236
-0.000645
-0.006812
0.030928
0.006786
-0.013146
-0.023801
-0.002386
-0.008011
0.013260
0.012510
-0.011203
0.001694
-0.011345
0.051344
-0.013080
0.023540
-0.028213
-0.004701
0.017427
0.016956
0.026056
0.004625
-0.001621
-0.029807
-0.028452
0.008221
0.007198
-0.047812
0.002321
-0.027171
-0.017702
0.012778
0.039010
0.012578
0.009786
-0.008881
0.017170
-0.001700
0.005786
0.006785
-0.034309
-0.029970
0.001350
-0.004628
-0.012798
0.006415
-0.006705
-0.006567
0.006840
0.007087
-0.020992
-0.009835
0.008331
0.047769
0.005889
-0.039950
0.020344
0.016403
0.021686
-0.010299
-0.004454
-0.022947
0.032561
-0.051459
-0.003450
0.029899
-0.026707
0.025586
-0.014403
0.016833
0.023345
0.015636
-0.004706
-0.009393
0.022417
-0.021482
-0.010333
0.013623
-0.018853
0.018223
-0.005037
-0.007247
0.004472
-0.004147
-0.007887
0.021802
-0.026686
0.002151
-0.034524
0.000234
-0.005733
0.030616
-0.009865
-0.006683
-0.014070
0.015239
0.004227
-0.007118
0.026550
0.024074
0.048109
-0.001537
-0.020802
-0.001865
0.012590
0.023926
-0.000139
0.010283
-0.028669
-0.020109
-0.035562
-0.009905
0.001551
-0.015502
-0.021813
0.013660
0.040909
0.032222
-0.018815
0.016555
-0.059516
-0.023136
-0.045019
-0.010597
0.049521
-0.024740
0.006195
-0.020059
-0.001137
-0.015769
0.004510
-0.038499
0.008698
0.010149
-0.013275
0.011379
-0.001284
-0.030157
0.012256
-0.001611
0.019823
0.047846
0.003198
-0.003428
0.014052
0.039492
-0.000252
0.072528
0.053044
-0.022958
0.005442
-0.037379
0.021458
-0.009725
-0.003150
-0.014545
-0.003013
-0.006506
-0.010153
-0.035294
0.014180
-0.013821
-0.051159
0.020006
0.012047
0.042293
-0.077408
0.003464
-0.002384
0.040027
0.072839
-0.002436
0.018539
0.069971
-0.052012
0.026570
0.020567
0.006248
-0.038703
-0.008512
0.002018
-0.045037
-0.012607
-0.046891
-0.024334
0.055354
-0.021004
-0.031159
-0.031467
0.004513
-0.044472
-0.012413
-0.005363
-0.022661
-0.009994
0.059878
0.003610
0.044848
0.019390
-0.056080
-0.009462
-0.010717
0.043953
-0.007125
0.033359
-0.002515
-0.029675
-0.010015
0.002985
-0.008387
0.095089
-0.032197
0.033492
-0.011045
-0.011791
0.006692
0.016463
-0.013988
-0.007848
0.027637
-0.032649
0.019295
-0.013477
-0.012689
0.013584
0.002356
-0.007311
-0.020922
-0.031732
-0.014407
-0.033842
-0.020192
0.012756
0.026940
0.020971
-0.000331
0.006617
-0.014895
0.020706
0.022089
-0.003905
0.013916
0.040427
0.011920
-0.026873
0.016078
0.011622
0.052149
-0.041803
0.003938
0.029718
0.035151
-0.009179
0.022442
-0.009079
-0.020317
-0.015393
-0.037061
0.017831
0.016394
0.026418
-0.031126
0.033340
-0.002387
-0.004700
-0.015424
-0.024491
0.022397
-0.041952
-0.030614
-0.025406
-0.028337
-0.002177
-0.047923
0.006139
0.032501
-0.000489
-0.045528
-0.026339
0.000911
-0.025361
0.042867
-0.000564
0.022289
-0.004977
-0.007252
-0.007763
0.037864
0.022419
-0.040077
0.004412
-0.024238
-0.003309
0.020879
0.010166
0.039676
0.017561
0.004069
0.035914
-0.011573
0.006144
-0.007969
0.057032
0.031047
0.049815
0.002779
-0.003604
-0.007302
-0.049214
0.011559
0.012701
0.022679
-0.024819
-0.013637
-0.018860
-0.070516
-0.031282
-0.031728
0.018751
0.036838
-0.017323
-0.031189
-0.007037
-0.044062
-0.030960
0.033951
0.013817
0.061077
0.011667
-0.021121
-0.007766
0.013985
0.018084
0.035412
0.010732
-0.006745
-0.023744
-0.024822
0.072460
-0.040748
0.011539
-0.009055
0.018532
0.022966
0.013481
-0.002932
-0.028137
0.043286
-0.008594
-0.032067
0.003751
-0.032186
-0.037746
0.014015
0.000137
0.035583
-0.032272
0.009494
0.000029
-0.015486
0.020071
0.027948
0.008879
-0.015410
0.001782
-0.005985
0.012784
0.000255
-0.033381
-0.039573
0.033809
-0.013423
0.014461
-0.005038
0.016505
-0.030934
0.030307
0.028200
-0.034882
-0.023535
-0.021797
-0.008762
-0.034700
-0.007926
-0.001984
0.023028
0.012958
-0.050347
-0.000126
0.066434
-0.014760
0.052866
-0.000872
0.064940
0.014836
-0.005864
-0.010053
0.018805
-0.016714
0.016588
0.012064
0.047829
0.017149
0.000526
0.020119
-0.000972
-0.016989
-0.122012
-0.011197
-0.007592
-0.031138
0.001556
-0.008960
-0.019848
0.006500
-0.038171
-0.021474
0.025093
0.003267
0.036039
0.001280
0.012301
0.007664
0.009748
-0.030100
0.013494
0.000294
-0.038397
-0.039278
-0.009121
-0.011136
0.032573
0.011872
-0.029595
0.044002
-0.023985
-0.027420
0.019300
0.034957
-0.015899
0.035433
0.070824
-0.013378
-0.033558
0.009466
-0.013487
-0.003197
0.014104
-0.043837
-0.002543
-0.001786
-0.035980
-0.035957
0.008805
0.027333
-0.014443
0.011867
0.000999
0.022976
0.012654
-0.021781
-0.001167
-0.002758
0.005115
0.018496
0.029862
0.022780
0.015306
-0.030167
-0.007555
-0.012777
-0.018514
-0.030158
0.014653
0.029688
0.011851
-0.020166
0.000080
0.000927
0.027815
-0.016946
0.049395
0.037956
0.058178
0.000869
0.019613
-0.018115
0.023343
0.002002
-0.005729
0.057219
-0.052030
-0.008456
0.050025
-0.016780
0.021218
-0.035980
0.009637
0.001589
0.011679
-0.072288
-0.028288
-0.009916
0.015819
-0.031600
-0.008464
-0.011105
0.013507
-0.019508
-0.043377
-0.004770
0.029805
-0.084296
-0.073435
-0.058979
-0.026362
0.044815
0.040224
0.020670
0.032147
-0.021029
-0.045049
0.005234
-0.001023
0.078004
0.018555
0.015195
0.021718
-0.026637
0.034354
0.011183
-0.021381
0.006028
0.029931
0.008319
0.020599
0.002311
0.027156
-0.049549
0.034991
0.041741
-0.063621
0.041643
-0.018002
-0.011909
0.034275
-0.017880
-0.018975
0.009992
-0.046303
0.004649
-0.061496
0.026666
-0.064679
0.010798
0.005859
-0.038431
0.006945
0.005547
-0.000663
-0.064191
0.046476
-0.024345
0.011766
0.046444
-0.047068
0.044385
-0.015727
0.053996
-0.021462
0.006663
0.004273
0.000907
0.053480
-0.027872
0.022572
0.019522
-0.027624
-0.034699
-0.023818
-0.013244
0.016567
0.010695
-0.042771
0.023020
0.005146
-0.007847
-0.010598
0.005112
-0.019057
0.055512
0.019648
0.045972
0.009279
0.002475
-0.009753
-0.005836
0.002400
0.043091
-0.012791
0.033516
0.044185
0.023533
-0.003393
0.014694
0.004358
0.000727
0.004184
-0.003119
-0.012887
-0.020568
-0.042221
0.007262
0.014212
0.004446
0.041010
-0.015395
-0.000320
0.037034
0.019893
-0.060730
-0.002201
-0.044838
-0.026792
-0.034943
0.003876
-0.007684
0.004769
-0.005612
-0.048022
0.002516
0.033595
0.030620
0.004240
-0.018619
-0.020854
-0.038069
0.003092
-0.020706
-0.019385
0.018749
-0.002639
0.022067
0.020761
-0.021949
-0.039057
0.032414
-0.005255
0.002329
-0.007535
0.071818
-0.045801
-0.003721
-0.007449
0.001661
0.009700
-0.028667
0.023404
0.057961
-0.008154
0.057423
-0.004989
-0.001685
-0.010081
-0.036631
0.022614
0.042210
-0.025137
0.020646
0.010078
0.035951
-0.085088
-0.045431
0.024647
-0.020714
-0.003272
0.028823
-0.023799
-0.019840
-0.060178
-0.023893
0.084915
-0.004211
0.049133
-0.010783
0.013185
0.005636
-0.000344
0.014464
0.026535
0.012338
-0.005355
-0.050698
0.023000
0.042629
-0.006539
-0.032875
-0.052861
-0.035912
0.030905
0.001399
-0.004224
0.028256
-0.029109
-0.001775
-0.016432
-0.029547
0.025784
-0.023443
-0.018111
-0.017392
0.017016
-0.007267
0.004642
-0.003987
-0.000770
-0.022587
-0.001272
0.013850
0.039636
0.034789
0.022178
-0.011421
-0.011340
-0.033738
0.011130
0.010435
-0.006121
0.027405
-0.007419
0.007243
-0.013627
-0.030213
0.011421
-0.012634
0.028290
0.013445
0.016196
-0.016678
0.011008
0.034605
0.009847
-0.021780
0.018211
0.020811
0.024018
-0.035297
-0.000841
0.017323
-0.038579
-0.038766
-0.009938
0.001474
-0.001082
-0.015386
0.065714
-0.022631
-0.000268
-0.007332
-0.000589
-0.029488
-0.045397
0.010390
0.016130
0.039621
0.014213
-0.018853
-0.009777
0.057972
0.014129
0.028455
0.059374
-0.019958
0.024734
-0.045354
-0.011452
-0.009747
0.005888
-0.011325
0.006007
0.011413
-0.038324
-0.009076
-0.039672
-0.043042
0.009934
-0.016732
-0.048931
0.000845
-0.025293
-0.022123
-0.004951
0.000217
0.019504
0.032842
0.004962
-0.014487
0.008267
-0.001865
-0.003213
0.077725
-0.047359
0.001945
-0.001423
0.054276
-0.021679
0.015572
-0.000988
0.006074
0.015452
0.030024
0.021603
0.035157
0.052358
-0.002081
0.004960
-0.062770
0.008903
-0.024861
0.018172
-0.030152
0.016835
0.012459
-0.030366
0.030872
0.003502
0.023381
-0.000204
-0.014043
-0.002069
0.003533
-0.033959
0.010961
-0.020699
-0.001895
-0.027875
-0.013117
-0.025005
-0.022916
0.010570
-0.006469
-0.000800
0.006091
0.009907
0.025247
-0.015756
-0.018301
0.012877
-0.032344
0.018245
-0.022662
0.024731
-0.019862
-0.026638
0.050063
0.014410
0.030076
0.008979
-0.002261
0.001767
0.000528
-0.003053
0.011935
-0.029101
0.043049
-0.022833
-0.008497
-0.074687
-0.012681
0.052802
0.017720
0.031858
0.022863
0.013284
-0.023270
0.028746
-0.022588
0.008807
0.002518
0.011163
-0.012295
-0.020031
-0.018612
-0.017439
0.054391
-0.009716
-0.015307
0.022571
-0.058764
-0.059905
-0.015207
0.012779
-0.006886
-0.021480
0.000318
0.011017
-0.006344
-0.044690
0.020391
0.058044
-0.007455
-0.006433
0.034039
-0.011154
0.003484
-0.024893
-0.000685
0.015521
-0.007371
-0.011388
0.029881
0.018586
-0.055008
-0.012958
-0.048994
-0.009522
-0.005917
0.011292
0.029143
0.049401
0.029914
-0.021220
0.003732
-0.004449
0.017195
0.032558
0.034833
0.024700
0.039284
-0.019482
-0.009972
-0.020680
-0.033768
0.023760
-0.035441
0.001579
-0.036499
-0.035472
-0.054614
-0.001903
-0.008241
0.007665
0.000122
-0.003489
0.014174
0.050790
0.035470
-0.016288
0.045310
-0.034131
0.031175
0.021560
0.054234
0.060759
-0.019180
0.021773
0.051447
-0.039033
-0.075614
0.034057
0.037212
-0.022777
-0.065499
0.000828
-0.004441
-0.027530
-0.079649
-0.010587
0.052153
-0.024677
-0.008478
-0.029289
0.008985
-0.028201
0.050525
-0.024789
0.028438
-0.032011
-0.037563
0.053572
-0.008052
0.008340
0.022441
-0.014928
-0.008321
-0.005348
0.050886
0.018540
0.058370
0.030431
-0.003026
0.000350
-0.021797
-0.037196
-0.022800
-0.041710
-0.006443
0.010651
-0.056416
0.011888
-0.006849
0.035411
0.012753
-0.006191
0.015024
-0.010970
-0.009642
-0.016756
0.032403
0.056072
-0.021370
0.028242
-0.003646
0.021932
-0.011095
-0.009386
0.024504
-0.007949
0.024382
0.012253
-0.030476
-0.013878
-0.011573
0.028678
-0.054649
-0.029729
-0.010276
-0.013030
-0.051456
0.041408
-0.027706
0.018209
-0.061697
-0.039789
-0.014039
0.009484
0.056396
0.029881
-0.005559
-0.023946
0.015200
0.020977
-0.033959
-0.020192
0.070442
-0.013083
0.055742
0.017703
-0.015122
0.017018
-0.004788
-0.016985
-0.020852
0.026008
0.015774
0.022730
0.030452
0.007290
-0.006920
0.002356
-0.014228
-0.007479
0.058618
-0.035281
-0.012310
0.004335
-0.017238
0.019291
-0.001111
-0.021734
-0.032253
-0.035235
0.010199
-0.003720
0.024145
0.025796
-0.002211
0.017940
-0.049557
0.016656
0.012261
0.002822
0.060798
0.008299
0.007796
0.004774
-0.040581
-0.006434
-0.023360
0.020346
-0.006827
0.043685
-0.020583
-0.026970
-0.007166
-0.021092
-0.025231
0.011658
-0.003530
0.011982
0.029845
-0.020511
-0.020088
-0.010468
0.014962
0.005094
0.002022
0.043427
-0.011411
-0.005501
0.020520
0.043248
0.005829
0.010081
-0.013509
-0.037893
0.000216
-0.033690
-0.016912
-0.011805
-0.015047
-0.023314
0.007517
-0.012201
-0.031836
0.018557
0.020050
-0.036213
-0.016251
-0.000687
0.004849
0.018202
-0.013481
0.035289
0.007839
0.016453
-0.027313
0.000557
-0.005550
0.014622
0.020396
0.014205
0.000641
-0.025674
0.020144
-0.003451
0.005196
0.005834
0.032612
-0.002619
0.012208
-0.011818
0.019686
0.008157
0.013047
0.001593
-0.013366
0.011990
-0.016559
0.003432
-0.024604
-0.016736
-0.001343
-0.023519
0.006411
-0.011977
0.004834
0.001319
0.005967
-0.022279
-0.012266
-0.001449
0.001885
-0.031147
0.006553
0.021328
0.006196
-0.003112
-0.029882
0.021407
0.016358
0.012452
-0.026099
0.023721
0.018417
-0.007574
0.003182
-0.041702
0.031688
-0.035108
-0.000426
-0.005389
0.013538
0.022783
-0.015479
-0.002366
0.002292
-0.016146
0.006921
0.000107
0.034996
0.039990
0.007113
-0.011611
-0.020973
0.010457
-0.018119
-0.030747
0.013954
0.007736
0.022392
-0.006674
-0.001792
-0.031505
0.011304
0.005536
-0.017631
0.021433
-0.002721
0.002319
0.005923
0.018626
-0.031678
0.003757
0.002117
-0.021333
0.016659
0.003058
-0.004399
-0.006038
-0.020314
0.016455
0.021537
0.006012
-0.004122
-0.019264
-0.011891
-0.015747
0.026189
0.026452
-0.002612
0.002187
-0.010977
0.001721
-0.024541
-0.005982
0.023313
0.024384
0.003534
-0.010265
0.007875
-0.019566
0.009362
-0.013370
0.042313
-0.002337
-0.028628
0.007819
-0.016943
-0.005591
0.003364
0.009566
0.000404
0.028236
-0.001348
-0.011609
-0.003801
-0.011939
-0.014998
-0.016307
-0.005478
0.010415
0.010138
0.009913
-0.002749
0.005074
-0.012297
-0.005686
0.002628
-0.001138
-0.001465
-0.016251
0.023878
-0.006547
-0.013388
-0.008559
0.027147
-0.025461
0.012155
0.003433
0.020381
-0.042524
0.015119
-0.005357
0.017573
0.015041
-0.001029
-0.014634
-0.007733
0.005958
-0.024280
0.015313
-0.039731
0.025305
-0.004964
0.000400
-0.035153
0.016453
0.011183
0.019901
0.012668
0.014748
0.003028
0.011944
0.002894
0.026151
0.025696
0.028427
0.031877
0.011624
-0.001416
-0.004515
-0.005238
0.002113
-0.016210
0.005522
-0.003032
-0.031421
-0.014613
-0.024138
-0.010737
-0.009426
-0.008758
-0.005753
0.000613
0.001989
-0.012260
0.004773
-0.032023
0.019083
0.008050
-0.009170
-0.008719
-0.010510
-0.012970
-0.005768
-0.002641
0.005081
0.011312
-0.013020
-0.035157
0.010429
0.013747
-0.010078
0.004766
-0.020243
0.016236
0.011926
-0.004299
0.003768
0.011373
-0.031001
0.014417
-0.016340
0.009436
-0.013246
0.028116
-0.008675
-0.017113
0.002722
0.001362
0.014463
0.078586
0.043473
-0.015640
0.010649
-0.011852
-0.012248
0.004219
0.026058
0.017045
0.007790
-0.018791
-0.003469
-0.019198
-0.011553
0.000757
0.013813
-0.008704
-0.008112
-0.008231
-0.010820
-0.016276
-0.005567
0.010239
0.007519
0.003554
0.001446
0.002960
-0.004356
-0.006202
0.004054
-0.001475
-0.003581
-0.000720
-0.001126
0.007415
0.001424
-0.002151
0.011512
-0.003565
-0.000904
-0.012581
0.004507
-0.006534
-0.005660
0.005040
0.002541
0.004784
-0.010157
-0.006128
-0.010601
0.003578
-0.001689
-0.001055
0.001871
-0.001538
-0.001044
-0.008287
-0.005219
0.004224
0.002056
-0.006925
-0.005246
-0.012614
-0.001014
-0.017555
0.008437
-0.020526
0.035325
-0.025491
0.018690
0.003638
-0.008857
-0.000675
-0.040423
0.014227
0.000945
0.019407
-0.027302
-0.006597
0.013876
-0.013947
0.014502
-0.022882
0.121240
0.063768
-0.038848
0.002088
-0.007792
-0.005841
0.012433
0.002291
0.022033
-0.011343
0.001401
0.012697
-0.012726
-0.002805
-0.018326
0.013634
-0.023122
-0.005888
0.004794
-0.000926
-0.005686
-0.002604
0.006892
0.000116
-0.002546
-0.001468
-0.000249
0.003352
-0.003804
0.002831
-0.003296
-0.005188
-0.005916
0.002476
-0.007623
0.005891
-0.009706
0.023759
0.007281
-0.009034
-0.000414
-0.004515
-0.005831
0.003632
0.007569
-0.007385
-0.000732
-0.009209
0.002349
-0.003898
0.005265
-0.002986
0.001106
-0.010181
-0.003980
-0.005475
-0.004539
-0.001627
-0.001523
-0.006954
-0.006845
-0.002048
0.001265
-0.005350
-0.000127
-0.003623
0.002701
-0.006472
0.001470
-0.010384
-0.002922
-0.012987
0.000446
-0.013810
0.001896
0.013254
-0.000845
0.001785
-0.005555
-0.002460
-0.004417
-0.009243
-0.007331
-0.006105
0.060566
0.113395
-0.037678
0.023471
-0.008605
-0.003275
-0.008660
0.022918
-0.009427
0.010291
-0.008880
0.012723
-0.003568
-0.004515
-0.020366
0.001668
-0.001033
-0.008837
0.009193
-0.005905
-0.004765
-0.005202
0.003124
-0.001365
0.003205
0.001922
0.000971
0.001101
-0.005906
0.000070
-0.000612
-0.002982
-0.004541
0.000948
-0.001832
-0.004572
0.000083
-0.007575
0.020362
0.015742
-0.014521
-0.001209
-0.009171
-0.000266
0.006825
0.005130
-0.003309
0.001840
-0.005872
-0.000247
-0.005162
0.000998
-0.008186
0.002385
-0.009243
0.000252
-0.003363
-0.003913
-0.003257
-0.005791
-0.005542
-0.010518
-0.001938
-0.004869
0.002028
-0.004887
0.001320
-0.001082
-0.002385
-0.005696
-0.002691
-0.001126
-0.007135
-0.000613
-0.003291
0.003656
-0.008696
0.005699
-0.010186
-0.003267
-0.012043
-0.005975
0.000559
-0.000736
0.026851
0.136372
-0.014587
-0.000147
-0.002846
-0.011612
0.005524
0.000699
0.010678
-0.005060
0.006111
-0.002222
0.007792
-0.005096
-0.004334
-0.014990
0.009399
-0.017915
0.007470
-0.012235
0.002578
-0.012301
-0.001745
0.001278
0.000986
0.009515
-0.005156
0.005241
-0.005416
0.002688
-0.001141
0.000862
-0.006500
0.001380
-0.001082
-0.003640
-0.002566
-0.002310
-0.001638
0.012521
0.026911
-0.024056
0.003961
-0.009920
0.004293
-0.001089
0.007833
-0.000816
-0.000494
-0.004761
-0.001923
-0.000512
-0.002908
-0.002741
-0.002683
-0.003231
-0.003020
0.000215
-0.007044
-0.007115
-0.004580
-0.006499
-0.005889
-0.006702
-0.000022
-0.006598
0.000549
-0.005805
0.003840
-0.006001
-0.001609
0.000294
-0.006104
-0.004585
-0.001531
-0.004069
-0.003191
-0.006622
-0.000700
0.000024
-0.004132
-0.002577
-0.002173
0.001098
-0.006880
0.023272
0.140375
-0.022365
-0.000678
-0.010469
-0.009388
0.012561
0.006728
0.010162
0.000579
0.000489
-0.002684
0.002323
-0.005408
-0.002232
-0.014794
0.009431
-0.021950
0.008787
-0.016510
0.005326
-0.008328
0.005443
0.001921
0.001135
0.004576
-0.004174
0.007119
-0.002733
-0.001371
-0.001118
-0.001097
-0.000274
-0.001592
0.000574
-0.008125
0.000386
-0.005621
0.000935
-0.004343
0.031218
-0.005746
-0.001138
-0.005128
-0.002530
-0.001227
0.005173
0.004484
-0.002141
-0.000768
-0.002687
0.000091
-0.004264
0.001080
-0.003001
-0.002673
-0.004928
-0.002308
-0.004346
-0.008840
-0.003990
-0.010870
-0.003772
-0.009852
0.000934
-0.006971
-0.000061
-0.004620
0.003111
-0.004073
-0.001742
-0.005605
-0.004316
-0.007280
-0.003563
-0.003035
-0.003793
-0.000723
-0.003638
-0.003493
0.000789
-0.013798
-0.000800
-0.003527
0.004520
-0.008035
0.138696
0.028592
-0.024745
0.010129
-0.026364
0.019577
-0.000969
0.013665
-0.005104
0.008105
-0.008835
0.007795
-0.012156
0.008388
-0.021417
0.010822
-0.021084
0.005362
-0.007409
-0.001330
-0.000237
-0.004740
0.008361
-0.005146
0.010007
-0.004843
0.005198
-0.000844
-0.002321
0.001807
-0.004013
0.001922
-0.004108
0.000223
-0.008428
0.001941
-0.003713
-0.000477
-0.008191
-0.001475
0.012554
0.013783
0.000619
-0.000164
-0.002711
-0.004758
0.003645
0.001582
0.003190
0.000887
0.002775
-0.004215
-0.005120
0.001670
-0.004862
0.001224
-0.007485
-0.000989
-0.011160
-0.003791
-0.007800
-0.003108
-0.007642
-0.005341
-0.002563
-0.003292
-0.003234
-0.002751
-0.004667
-0.002041
-0.001629
-0.003022
-0.005169
-0.003328
-0.004003
0.000078
-0.005999
-0.000861
-0.006836
-0.001889
-0.004260
-0.001060
-0.013156
0.001933
-0.007975
0.006015
-0.021954
0.107830
0.081433
-0.043998
0.024615
-0.028249
0.018447
-0.002620
0.020022
-0.004797
0.008750
-0.009883
0.009552
-0.009843
0.000067
-0.015434
0.007702
-0.012232
-0.004020
0.002303
-0.012201
0.000936
-0.009231
0.010906
-0.004012
0.009578
0.000969
0.000938
0.003062
-0.008168
0.003911
-0.008358
0.003338
-0.005031
0.003154
-0.007102
0.001486
-0.004769
-0.001652
-0.007893
-0.000788
-0.005971
0.021000
0.023704
-0.010048
0.004722
-0.009466
-0.001761
-0.002013
0.005687
0.001876
0.002584
0.000083
-0.000723
-0.001227
-0.005832
-0.002212
-0.002327
-0.000465
-0.005691
-0.001466
-0.008591
-0.002590
-0.005188
0.000078
-0.001919
-0.000708
-0.005498
-0.006025
-0.004287
-0.002149
-0.000609
-0.001166
-0.000480
0.000091
-0.004588
-0.000627
-0.003842
-0.000927
-0.002486
-0.001467
-0.004657
0.000070
-0.003016
-0.000697
-0.004622
-0.000937
-0.006068
0.002925
-0.003893
0.058060
0.017163
-0.008687
-0.001569
-0.011328
0.004106
0.001129
0.004975
-0.001480
0.002222
-0.002675
0.002675
-0.003295
0.005323
-0.004092
0.004112
-0.001592
0.002908
-0.001102
0.001452
0.000925
-0.000868
0.001026
-0.000157
0.001940
-0.001206
-0.000464
-0.001206
-0.001101
-0.001634
-0.000660
-0.000528
-0.001832
-0.000823
-0.000765
-0.000328
-0.001007
0.000462
-0.000385
0.000232
-0.000161
0.001471
0.000906
0.000441
-0.000004
-0.000010
-0.000072
0.000080
0.000276
0.000140
0.000057
0.000183
-0.000001
-0.000121
-0.000012
-0.000018
-0.000017
-0.000042
-0.000009
0.000002
