0.000000
0.386686
-0.026057
-0.495329
-0.538477
0.129629
0.019565
-0.358782
-0.492101
-0.423209
-0.217162
0.000000
0.566765
-0.162856
-0.557275
-0.482397
0.223400
-0.132831
-0.490774
-0.507625
-0.331186
-0.042269
0.000000
0.593962
-0.219289
-0.590080
-0.394857
0.230942
-0.181323
-0.476385
-0.508405
-0.354680
0.005441
0.000000
0.611348
-0.239169
-0.599579
-0.351379
0.176728
-0.143060
-0.473814
-0.510336
-0.332691
0.080971
0.000000
0.622900
-0.348218
-0.602138
-0.180699
0.152418
-0.170508
-0.469270
-0.512166
-0.259020
0.176868
0.000000
0.620643
-0.468906
-0.611776
0.005298
0.136046
-0.184329
-0.464285
-0.560103
-0.125144
0.241367
0.000000
0.629318
-0.479623
-0.564782
0.017702
0.068285
-0.103935
-0.438291
-0.600577
-0.069622
0.237507
0.000000
0.665110
-0.425914
-0.519178
-0.145807
0.026842
-0.120040
-0.440728
-0.490585
-0.039051
0.272409
0.000000
0.709843
-0.533750
-0.322726
-0.199047
-0.084029
-0.079172
-0.505939
-0.444830
0.265976
0.133854
0.000000
0.735335
-0.702471
-0.035759
-0.053011
-0.096157
-0.471924
-0.443553
-0.157708
0.422863
-0.102439
0.000000
0.690818
-0.423207
-0.176047
-0.065029
-0.102177
-0.329647
-0.320462
-0.103545
0.519421
-0.066432
0.000000
0.443068
0.156804
-0.087912
-0.095968
0.075730
-0.257413
-0.377607
-0.216884
0.403278
0.086776
0.000000
0.033519
0.292526
0.181751
-0.272126
-0.150577
0.207507
-0.184322
0.035129
0.406798
-0.046182
0.000000
-0.771876
-0.119708
-0.121722
0.008724
0.315734
0.166235
-0.170407
-0.306699
0.400827
0.505374
0.000000
-0.941502
-0.604297
-0.135513
-0.365762
0.053293
0.067549
0.057073
-0.486574
-0.335606
0.318378
0.000000
-0.941609
-0.863341
-0.340430
-0.167030
0.024244
-0.151975
0.032623
-0.154097
-0.250360
-0.028602
0.000000
-0.922588
-0.911875
-0.505001
-0.330112
0.023688
-0.057398
-0.125286
0.060619
-0.261028
-0.059294
0.000000
-0.910361
-0.875863
-0.433096
-0.393581
0.035787
-0.062338
0.107852
-0.089380
-0.293898
-0.006471
0.000000
-0.870027
-0.849641
-0.532854
-0.257331
0.099413
-0.123885
0.001300
-0.021732
-0.240161
-0.026612
0.000000
-0.884351
-0.863377
-0.659910
-0.433309
0.097710
0.060923
-0.059649
-0.026539
-0.423847
-0.176515
0.000000
-0.868165
-0.839640
-0.565991
-0.397448
-0.013795
-0.029979
-0.052056
-0.085920
-0.320402
-0.095157
0.000000
-0.851100
-0.843264
-0.584107
-0.296033
0.153512
-0.099348
-0.240987
-0.164332
-0.130474
-0.174189
0.000000
-0.839863
-0.827308
-0.542499
-0.399419
0.069088
-0.001696
0.078538
-0.066585
-0.276048
-0.013790
0.000000
-0.823435
-0.642633
-0.541022
-0.612608
-0.071997
0.020262
0.371806
-0.243803
-0.263761
0.154038
0.000000
-0.822168
-0.623839
-0.232625
-0.057651
0.621615
0.169930
0.127935
-0.277992
-0.395362
0.209384
0.000000
-0.400548
-0.138076
0.614769
0.491352
0.038767
-0.391533
-0.228796
-0.468080
0.076916
0.034956
0.000000
-0.301049
-0.045893
0.584209
0.383786
0.244956
-0.460526
-0.355809
-0.440627
0.146841
-0.013668
0.000000
-0.276014
-0.208069
0.624694
0.385649
0.250535
-0.423006
-0.456042
-0.387995
0.224933
0.007597
0.000000
-0.327179
-0.300626
0.554116
0.448382
0.332064
-0.341351
-0.481285
-0.462199
0.184364
-0.002804
0.000000
-0.370660
-0.254560
0.556118
0.448612
0.289588
-0.358763
-0.439756
-0.460396
0.134419
0.017844
