1.000000
0.285306
-0.180419
0.310780
0.991583
0.538056
0.128265
0.159146
0.423721
0.465208
0.217162
1.000000
0.059513
-0.351151
0.336131
1.010728
0.263046
-0.114486
0.160053
0.451343
0.333109
0.042269
1.000000
0.012088
-0.369454
0.367984
0.944819
0.249631
-0.115177
0.102724
0.451417
0.354604
-0.005441
1.000000
-0.038431
-0.409586
0.368664
0.914762
0.242777
-0.214825
0.074672
0.480242
0.333621
-0.080971
1.000000
-0.167648
-0.405275
0.437711
0.782445
0.172748
-0.266474
0.035747
0.503967
0.280569
-0.176868
1.000000
-0.266882
-0.448080
0.524124
0.674581
0.137060
-0.350326
-0.028382
0.599470
0.182270
-0.241367
1.000000
-0.342098
-0.390292
0.514687
0.551669
0.189859
-0.357504
-0.082978
0.635261
0.146945
-0.237507
1.000000
-0.381061
-0.321578
0.420145
0.594882
0.106709
-0.354686
0.011284
0.527697
0.139958
-0.272409
1.000000
-0.646449
-0.022554
0.350739
0.311160
0.137960
-0.346886
0.079657
0.587133
-0.174681
-0.133854
1.000000
-1.005127
0.370516
0.142856
0.393899
-0.330480
0.002530
0.119329
0.568550
-0.521390
0.102439
1.000000
-0.806365
0.119524
0.170642
0.180888
-0.165874
-0.016017
0.142315
0.482365
-0.570696
0.066432
1.000000
-0.279074
-0.375180
0.002086
0.209745
-0.245670
0.009366
0.397484
0.338504
-0.376024
-0.086776
1.000000
-0.059495
-0.490606
-0.023509
0.271776
-0.059488
-0.133298
0.352738
-0.035386
-0.408678
0.046182
1.000000
1.036596
0.012821
-0.358573
-0.284940
-0.130978
0.218065
0.468891
-0.063722
-0.822323
-0.505374
1.000000
1.658545
0.899995
0.274280
0.112563
0.106319
0.431399
0.869334
0.633886
-0.226457
-0.318378
1.000000
2.133329
1.800857
0.870334
0.505438
0.465018
0.550061
0.741998
0.727700
0.311173
0.028602
1.000000
2.381150
2.404810
1.367255
0.650879
0.499656
0.580375
0.679791
0.701637
0.401298
0.059294
1.000000
2.252996
2.230440
1.196641
0.337947
0.072709
0.369422
0.745750
0.757654
0.308465
0.006471
1.000000
2.172615
2.073266
1.012701
0.352259
0.266074
0.404847
0.564061
0.595511
0.297807
0.026612
1.000000
2.551201
2.855897
1.548321
0.203981
-0.014531
0.706075
1.467765
1.542108
0.860967
0.176515
1.000000
2.367238
2.644506
1.725929
0.818137
0.592494
0.916422
1.201292
1.069964
0.542759
0.095157
1.000000
2.281288
2.368346
1.342011
0.736195
0.922466
1.202525
1.097243
0.854915
0.523891
0.174189
1.000000
2.189298
2.252369
1.144358
0.128289
-0.118470
0.296519
0.695953
0.695747
0.306187
0.013790
1.000000
2.014924
2.028215
1.072453
-0.045532
-0.383959
0.101868
0.510901
0.438350
-0.052871
-0.154038
1.000000
1.576694
0.884135
-0.567213
-1.599583
-1.197008
0.111888
0.775760
0.666462
0.047894
-0.209384
1.000000
0.840269
0.005672
-1.200274
-1.143120
-0.298477
0.584400
0.623828
0.400199
-0.106194
-0.034956
1.000000
0.747397
0.052666
-1.235861
-1.094247
-0.357607
0.730860
0.607431
0.321743
-0.136598
0.013668
1.000000
0.719305
0.038051
-1.348607
-1.113921
-0.224171
0.884349
0.665570
0.206652
-0.230384
-0.007597
1.000000
0.843959
0.126122
-1.317328
-1.299298
-0.365335
0.819895
0.753899
0.291149
-0.181996
0.002804
1.000000
0.899693
0.138487
-1.306540
-1.337409
-0.398256
0.792030
0.777569
0.328888
-0.150430
-0.017844
